=== Top-level structure ===
type: <class 'dict'>
keys: ['preds_by_layer', 'target']

=== preds_by_layer ===
type: <class 'list'>
length (# saved entries): 30
preds_by_layer[0]:
  shape:  (1918, 538)
  dtype:  torch.float32
  device: cpu
  min/max: -52.5963 / 9.44936
  mean:   -8.26627
  → not confined to [0,1] (logit-like)

=== target ===
target:
  shape:  (1918, 538)
  dtype:  torch.float32
  device: cpu
  min/max: 0 / 1
  mean:   0.00438131
  NaN count: 0
  unique labeled values: count=2
  first 2: [0, 1]

=== Task structure inference ===
  multilabel (pred [N,C], target [N,L])

=== Batch vs full-dataset check ===
  first-dim sizes (first 20): [1918, 1918, 1918, 1918, 1918, 1918, 1918, 1918, 1918, 1918, 1918, 1918, 1918, 1918, 1918, 1918, 1918, 1918, 1918, 1918]
  → same size across layers → likely full-dataset per layer
  target first-dim size: 1918

=== Per-layer summary (first max_layers) ===
  layer 00 | shape (1918, 538) | min -52.6 | max 9.45 | mean -8.27
  layer 01 | shape (1918, 538) | min -48.9 | max 11.3 | mean -8.36
  layer 02 | shape (1918, 538) | min -38.3 | max 9.8 | mean -8.64
  layer 03 | shape (1918, 538) | min -29.1 | max 8.68 | mean -9.03
  layer 04 | shape (1918, 538) | min -34.4 | max 13.4 | mean -9.54
  layer 05 | shape (1918, 538) | min -31.7 | max 12.1 | mean -9.5
  layer 06 | shape (1918, 538) | min -32.4 | max 11.7 | mean -9.52
  layer 07 | shape (1918, 538) | min -23.8 | max 10.4 | mean -9.67
  layer 08 | shape (1918, 538) | min -21.2 | max 10.1 | mean -9.67
  layer 09 | shape (1918, 538) | min -19.2 | max 9.97 | mean -9.6
  layer 10 | shape (1918, 538) | min -19.8 | max 9.68 | mean -9.59
  layer 11 | shape (1918, 538) | min -21.3 | max 9.65 | mean -9.57
  layer 12 | shape (1918, 538) | min -21.3 | max 9.42 | mean -9.56
  layer 13 | shape (1918, 538) | min -24 | max 9.11 | mean -9.44
  layer 14 | shape (1918, 538) | min -23.2 | max 9.87 | mean -9.41
  layer 15 | shape (1918, 538) | min -27.5 | max 9.58 | mean -9.47
  layer 16 | shape (1918, 538) | min -27.5 | max 8.91 | mean -9.32
  layer 17 | shape (1918, 538) | min -26.6 | max 8.7 | mean -9.37
  layer 18 | shape (1918, 538) | min -26.7 | max 8.88 | mean -9.36
  layer 19 | shape (1918, 538) | min -25.7 | max 8.6 | mean -9.36

=== Sample rows (layer 0) ===

  example 0:
    pred: tensor([ -6.7447,  -4.6192,  -5.3421,  -8.1870,  -4.6931,  -4.8906,  -3.1208,
         -9.7738,  -7.7083,  -2.4905, -10.1759,  -7.2297,  -4.8453,  -9.4677,
         -9.1299, -11.5145,  -8.9435,  -7.1606,  -9.3833,  -9.4934,  -9.3038,
         -7.6676,  -6.1421,  -4.1372,  -8.1490,  -7.1707, -10.8015, -10.8246,
         -5.6677, -12.3678,  -2.8622, -13.4619,  -6.2130, -11.2563,  -6.4415,
         -8.9104, -13.2889, -10.4099,  -9.8071,  -9.4423,  -9.4249, -14.5680,
        -11.9150,  -6.8901,  -9.4857,  -3.8111,  -9.9052,  -0.3760,  -8.3832,
        -11.0632,  -8.5094,  -9.6076, -10.0853,  -3.4847,  -9.4540,  -9.5090,
        -12.9356,  -8.1576,  -8.4857,  -6.0509,  -6.0953,  -5.8157,  -5.4809,
        -10.2557,  -8.0948,  -2.1855, -10.7480,  -0.1575,  -8.0161,  -4.9853,
         -7.4591,  -9.8042,  -4.7908,  -4.4061,  -5.7957,  -9.5186,  -8.6783,
        -15.0142,  -3.3030,  -7.5492, -10.3968,  -7.4648,  -9.6497, -10.9288,
         -9.1668,  -6.1347,  -7.4004,  -7.8120,  -9.9905, -10.8242,  -8.4268,
        -12.1308,  -7.7690,  -6.1301,  -8.3920,  -8.3105,  -4.8978, -10.2033,
         -8.1797, -11.7516, -10.1542,  -4.9629,  -9.0533,  -3.4125,  -6.6290,
         -1.6944,  -8.4749, -12.0635,  -7.0030, -10.0296,  -8.7254,  -5.1092,
         -8.4757, -13.1789,  -5.0553,  -6.7270,  -8.5508,  -7.4204,  -9.3218,
         -5.7735,  -8.2931,  -6.4152, -10.7468,  -9.9928,  -7.6210,  -8.0590,
         -6.6477,  -1.8554,  -5.6940,  -8.0541,  -4.4809,  -6.6953,  -6.4005,
         -7.3692, -12.1501,  -7.1507,  -5.9101,  -7.1895,  -8.5688,  -2.8540,
         -8.9532,  -8.7803,  -9.2111,  -7.5295, -10.0264, -11.7470,  -6.0355,
        -11.5764, -10.8808,  -8.6357,  -4.1671, -11.8353,  -6.0054, -10.5784,
         -9.2956,  -6.9187, -11.6767, -11.5799,  -7.4018,  -5.9194,  -6.0144,
         -6.1052,  -7.6508, -12.8250,  -7.3695, -14.1895,  -8.6755,  -9.7719,
         -5.5897,  -7.0614,  -4.7437,  -4.2031, -11.6655, -10.2988,  -9.6485,
        -10.3523,  -3.4066,  -9.5537, -10.7091,  -5.9740,  -1.5498,  -7.3998,
         -5.9858,  -5.4251,  -6.3718,  -7.2133, -10.2615,  -6.8359,  -8.7617,
         -9.8828,  -5.3356,  -5.5004, -14.4729, -10.4320,  -7.2271,  -5.9303,
         -3.3945,  -7.1456,  -9.5205,  -8.2577,  -7.3801,  -8.0430,  -9.6099,
         -8.1008,  -6.1318,  -7.0722,  -9.3355,  -2.8921,  -8.8895,  -7.1109,
         -6.3921, -10.2163,  -9.7660,  -5.2545,  -7.7509,  -8.0670, -11.3026,
         -6.0384,  -3.9280,  -6.3498,  -5.8838,  -7.8864,  -7.5791,  -9.5408,
         -7.5924, -10.8079,  -7.1938, -11.0988,  -6.4065,  -7.6550,  -9.2447,
         -9.0498,  -9.2305,  -9.3664,  -4.6740,  -7.9734,  -9.1660,  -8.9746,
         -4.2012, -11.0553,  -8.0780,  -7.9635,  -9.9200,  -7.6961,  -8.2594,
         -6.5189,  -9.5771,  -7.6925,  -6.8181, -13.5119,  -7.3464,  -7.3188,
         -7.1731,  -6.1094,  -4.5099,  -8.6160,  -3.5814,  -8.7637,  -7.1759,
        -13.6765, -12.1202,  -3.7813, -11.9849,  -5.2141,  -9.7773, -11.1373,
        -13.5033, -10.6109,  -6.7597,  -8.1455,  -7.4320,  -9.4101, -12.1975,
        -12.0697,  -6.8062,  -5.1426,  -8.7904,  -7.9255,  -7.1957, -11.0781,
         -8.4426,  -8.1557,  -8.1866,  -5.1470,  -8.4543,  -9.4661,  -4.1004,
         -9.9529,  -4.3183,  -9.2508,  -6.3682,  -3.6638, -13.4556,  -5.1769,
        -10.9209,  -6.3041, -10.5099, -12.0461, -11.6925,  -8.6179,  -2.3000,
         -5.8303,  -8.6864,  -8.5777,  -5.8531,  -9.9517,  -6.7042,  -6.3770,
        -11.7048,  -9.2118,  -9.8087,  -6.6805,  -7.1455, -10.9424,  -5.5932,
         -4.6365,  -6.1093,  -9.4432,  -7.6851,  -9.2024,  -3.6647, -10.5034,
         -5.2081,  -6.6040,  -7.6367,  -5.4123, -11.4728,  -6.9431, -12.5436,
         -7.0644, -10.7715,  -5.9826, -14.9059,  -5.1784,  -6.4221,  -2.4776,
        -14.0287, -12.3511, -12.4257,  -9.0471,  -5.4375,  -6.0120,  -7.7374,
        -10.4156,  -8.0898,  -3.7143,  -5.4911,  -3.3414,  -8.9376,  -8.2249,
        -10.0885,  -8.5105, -13.7732, -10.0825,  -7.4331, -12.0023,  -6.8869,
         -5.9384,  -9.2071,  -5.3026,  -3.1624,  -6.8619,  -8.2024, -11.2630,
        -10.4284,  -5.4644, -11.1496, -11.3740, -11.5637, -10.2735,  -9.3874,
         -9.1172,  -5.9773, -10.8056, -13.9308,  -7.4758,  -5.5099, -11.7945,
         -6.2232,  -9.9388,  -9.2947,  -7.1001, -10.2661,  -6.6749, -10.1114,
         -5.6430,  -9.6089,  -8.8399,  -6.5991,  -6.8995, -12.5111, -11.8043,
         -7.4025,  -6.6881,  -7.6825,  -8.6439, -10.9262,  -6.1016,  -8.6705,
         -6.3564, -11.2212, -11.8086,  -9.2269, -13.6397,  -8.0879,  -8.4417,
         -8.8383,  -6.5938,  -7.5813,  -4.1039, -11.6389,  -8.6669, -10.4104,
         -9.1594,  -7.5110,  -9.2192,  -9.8400,  -6.6325, -12.5979, -10.7262,
         -8.8390,  -4.5863,  -4.4463,  -9.6823,  -9.8642,  -4.0275, -11.9717,
        -10.9128, -13.6395,  -6.7916,  -7.5523,  -9.5109,  -8.8185,  -9.1559,
         -7.0767,  -9.9943, -10.5323, -11.0454, -11.0403,  -6.7011,  -4.6730,
        -11.2019, -11.3151, -10.7940,  -7.2223,  -9.7980, -11.7717,  -6.2977,
         -9.2517,  -9.6129, -10.8511, -11.1771,  -7.0597, -11.3988, -12.0147,
         -5.4463,  -4.8768,  -5.6512,  -8.2531,  -9.8747,  -9.2954,  -5.1146,
        -10.6412,  -6.6388, -10.6304, -11.3149,  -4.5288,  -8.1695,  -1.5725,
        -10.1868,  -9.6092,  -5.9079,  -8.2534,  -6.0705,  -8.6701,  -8.5425,
         -8.7744,  -5.6905,  -7.0880,  -5.6205,  -6.0185,  -7.7241,  -8.8631,
         -8.0368,  -5.4770, -10.6322,  -7.9309,  -8.2004,  -6.8013, -10.4978,
         -7.0413,  -9.8186,  -5.2753,  -8.5293,  -8.1158,  -1.3880, -12.3833,
         -5.3432,  -5.3691,  -9.5330,  -6.6309,  -6.9024,  -7.1148,  -5.3710,
         -6.2265, -11.9103, -13.0152,  -7.0478,  -7.7592,  -6.7332,  -6.4721,
        -11.1282, -13.4604,  -6.5760,  -7.6363,  -8.0080, -15.6370, -10.5789,
         -8.4027,  -5.3593,  -7.9441, -10.9296,  -4.2509,  -7.2168,  -3.4601,
        -11.5881,  -8.0253,  -7.6325,  -7.2007,  -8.4312,  -8.6266,  -8.0816,
         -6.9049,  -4.7509,  -7.0858, -12.7341, -14.1838,  -7.9627])
    target: tensor([0., 0., 0., 0., 0., 0., 0., 0., 0., 0., 0., 0., 0., 0., 0., 0., 0., 0.,
        0., 0., 0., 0., 0., 0., 0., 0., 0., 0., 0., 0., 0., 0., 0., 0., 0., 0.,
        0., 0., 0., 0., 0., 0., 0., 0., 0., 0., 0., 0., 0., 0., 0., 0., 0., 0.,
        0., 0., 0., 0., 0., 0., 0., 0., 0., 0., 0., 0., 0., 0., 0., 0., 0., 0.,
        0., 0., 0., 0., 0., 0., 0., 0., 0., 0., 0., 0., 0., 0., 0., 0., 0., 0.,
        0., 0., 0., 0., 0., 0., 0., 0., 0., 0., 0., 0., 0., 0., 0., 1., 0., 0.,
        0., 0., 0., 0., 0., 0., 0., 0., 0., 0., 0., 0., 0., 0., 0., 0., 0., 0.,
        0., 1., 0., 0., 0., 0., 0., 0., 0., 0., 0., 0., 0., 0., 0., 0., 0., 0.,
        0., 0., 0., 0., 0., 0., 0., 0., 0., 0., 0., 0., 0., 0., 0., 0., 0., 0.,
        0., 0., 0., 0., 0., 0., 0., 0., 0., 0., 0., 0., 0., 0., 0., 0., 0., 0.,
        0., 0., 0., 0., 0., 0., 0., 0., 0., 0., 0., 0., 0., 0., 0., 0., 0., 0.,
        0., 0., 0., 0., 0., 0., 0., 0., 0., 0., 0., 0., 0., 0., 0., 0., 0., 0.,
        0., 0., 0., 0., 0., 0., 0., 0., 0., 0., 0., 0., 0., 0., 0., 0., 0., 0.,
        0., 0., 0., 0., 0., 0., 0., 0., 0., 0., 0., 0., 0., 0., 0., 0., 0., 0.,
        0., 0., 0., 0., 0., 0., 0., 0., 0., 0., 0., 0., 0., 0., 0., 0., 0., 0.,
        0., 0., 0., 0., 0., 0., 0., 0., 0., 0., 0., 0., 0., 0., 0., 0., 0., 0.,
        0., 0., 0., 0., 0., 0., 0., 0., 0., 0., 0., 0., 0., 0., 0., 0., 0., 0.,
        0., 0., 0., 0., 0., 0., 0., 0., 0., 0., 0., 0., 0., 0., 0., 0., 0., 0.,
        0., 0., 0., 0., 0., 0., 0., 0., 0., 0., 0., 0., 0., 0., 0., 0., 0., 0.,
        0., 0., 0., 0., 0., 0., 0., 0., 0., 0., 0., 0., 0., 0., 0., 0., 0., 0.,
        0., 0., 0., 0., 0., 0., 0., 0., 0., 0., 0., 0., 0., 0., 0., 0., 0., 0.,
        0., 0., 0., 0., 0., 0., 0., 0., 0., 0., 0., 0., 0., 0., 0., 0., 0., 0.,
        0., 0., 0., 0., 0., 0., 0., 0., 0., 0., 0., 0., 0., 0., 0., 0., 0., 0.,
        0., 0., 0., 0., 0., 0., 0., 0., 0., 0., 0., 0., 0., 0., 0., 0., 0., 0.,
        0., 0., 0., 0., 0., 0., 0., 0., 0., 0., 0., 0., 0., 0., 0., 0., 0., 0.,
        0., 0., 0., 0., 0., 0., 0., 0., 0., 0., 0., 0., 0., 0., 0., 0., 0., 0.,
        0., 0., 0., 0., 0., 0., 0., 0., 0., 0., 0., 0., 0., 0., 0., 0., 0., 0.,
        0., 0., 0., 0., 0., 0., 0., 0., 0., 0., 0., 0., 0., 0., 0., 0., 0., 0.,
        0., 0., 0., 0., 0., 0., 0., 0., 0., 0., 0., 0., 0., 0., 0., 0., 0., 0.,
        0., 0., 0., 0., 0., 0., 0., 0., 0., 0., 0., 0., 0., 0., 0., 0.])

  example 1:
    pred: tensor([ -5.9398,  -8.3779,  -9.6257, -12.1328,  -7.7676,  -8.8202,  -8.9695,
         -5.8144, -10.7553,  -5.4777,  -4.6332,  -6.9784,  -4.3012,  -8.6474,
         -7.4924,  -7.6831,  -7.2138,  -8.4666,  -7.3045,  -6.1041,  -5.4322,
         -3.5277,  -8.2636,  -4.5228,  -5.8116,  -6.4008, -11.0505,  -7.6095,
        -10.1190,  -8.9192,  -4.5826,  -5.5299,  -9.4744,  -5.7999,  -8.7821,
         -5.9893,  -8.3495,  -7.0668,  -5.2421,  -5.1769,  -7.4180,  -5.4938,
         -7.7322,  -6.8522,  -9.6902,  -4.2445,  -6.4299,  -5.8940,  -6.4763,
         -8.6899,  -4.9263,  -8.2420,  -7.2952,  -6.9688,  -5.8810, -11.6384,
         -5.5133,  -7.5373,  -7.6232,  -8.8599, -10.5094,  -8.9130,  -7.8387,
         -6.8535, -11.1984,  -3.3434,  -6.7531,  -5.3513, -10.1565,  -3.4898,
         -4.0836,  -8.0362, -10.9783,  -6.8311,  -8.4674,  -7.0444, -10.2464,
         -6.6595,  -6.8103,  -4.5442,  -6.3004,  -5.6297, -10.3531,  -7.1627,
         -4.6635,  -7.5144,  -7.4926,  -8.6306,  -6.8505,  -2.9906,  -5.9507,
         -2.3240,  -9.3338,  -9.1330,  -5.8659,  -9.3617,  -4.6104,  -6.5273,
         -6.3711,  -4.0985,  -7.0329,  -4.8940,  -6.3621,  -2.9268,  -8.8578,
         -5.4144,  -6.0016,  -8.7875,  -4.7273,  -7.0419,  -5.3157,  -6.7335,
         -9.8215,  -3.3939,  -9.2406,  -8.0218,  -5.8078,  -8.0448,  -6.6791,
         -5.2908,  -9.5172,  -8.1115,  -8.1422,  -6.5850,  -8.7768, -11.1521,
         -9.4622,  -7.0944,  -7.0894,  -8.6714,  -8.9726,  -5.8383,  -4.8762,
         -6.7173,  -5.3939, -10.6171,  -5.8521, -11.4849,  -7.9395,  -4.5147,
         -4.3790,  -8.3126, -11.3553,  -9.1891,  -9.5744, -11.5457,  -5.1369,
         -7.9938,  -4.6051,  -6.8207,  -9.5116,  -7.2197, -10.0816,  -7.7899,
         -6.8720,  -8.6856,  -8.4590,  -7.6142,  -1.4842,  -4.4416,  -9.0275,
         -4.5344,  -8.8799,  -8.7395,  -8.3838,  -8.7640,  -9.2759,  -5.0933,
         -4.1440,  -6.3940,  -5.0161,  -7.6288,  -8.9615,  -8.0672,  -6.3533,
         -8.3724,  -5.5417,  -8.1538,  -8.2721,  -6.4914,  -4.2991,  -7.6522,
         -4.6855,  -9.0973,  -5.8475,  -7.8815,  -5.7089,  -8.2502,  -6.7930,
         -9.0011,  -9.0245,  -8.5110,  -9.3921,  -5.3496, -11.4830, -10.5106,
         -1.7066,  -5.3069,  -7.5133,  -5.8435,  -9.0840,  -4.9397,  -9.6393,
         -6.1699,  -9.6271, -10.1164,  -4.5499,  -5.2227,  -6.7779,  -6.9958,
         -7.9521,  -6.2953,  -7.9086,  -8.2480,  -6.9751,  -3.9102,  -8.8161,
         -7.5769,  -8.1672, -10.4944,  -7.4855,  -8.5777,  -5.7072,  -7.3646,
        -10.9188,  -7.9051,  -7.7415,  -6.0231,  -4.6141, -12.2922,  -8.9352,
         -4.7367,  -8.9600,  -7.0070, -12.1893,  -6.5006,  -7.0835,  -8.3986,
         -5.8539,  -9.4368,  -8.9482,  -6.4597,  -9.7341,  -6.7066, -10.3920,
        -10.2216,  -9.7971,  -8.9803, -11.1463,  -7.1790,  -8.4611,  -7.8661,
         -8.1890,  -2.5958,  -6.9692,  -7.0564,  -3.6525,  -5.7193,  -8.4179,
         -5.8023,  -9.9298,  -6.6250,  -5.1261,  -1.8628,  -4.8176,  -8.6999,
         -6.5831,  -6.6991,  -4.1357,  -3.7928,  -9.1343, -10.1319, -10.4767,
         -5.4972,  -9.1328,  -6.8420,  -5.8188,  -7.1243,  -7.5553,  -5.3527,
         -7.8671,  -9.0348, -10.4752,  -5.1869,  -8.0184,  -5.9164,  -5.3770,
         -3.9470, -10.0673,  -5.2523,  -8.4832,  -7.1441,  -6.5880,  -5.5250,
         -6.0782,  -4.3755,  -4.5183,  -9.8788,  -7.5285,  -7.9614,  -8.7555,
         -7.0806, -11.2879,  -8.1763, -11.7707,  -6.9661,  -9.8703,  -5.9362,
         -6.6443,  -4.8476,  -8.0686,  -6.5941,  -5.9884,  -8.7880,  -7.7824,
         -4.1547,  -9.9338,  -7.6099,  -5.0804,  -4.8310,  -4.0167,  -6.8961,
         -2.8535,  -7.7907,  -6.0867,  -8.8102,  -6.5570,  -5.6341,  -4.8376,
         -8.9405,  -7.1162,  -6.2649,  -9.6182,  -9.5410,  -5.1675,  -3.5008,
         -5.2886,  -7.1058,  -8.6821,  -4.8842,  -4.2079,  -8.2370,  -8.4420,
         -9.0616,  -9.6833,  -6.2384,  -9.3899,  -6.2711,  -7.2582,  -4.4559,
         -6.0961,  -6.0064, -10.3490,  -7.3728, -11.9858,  -8.5850,  -8.9762,
         -3.5868, -10.2419,  -6.5667,  -4.2955,  -8.3898,  -7.4853,  -3.9355,
         -9.5795, -10.5366,  -6.9968,  -4.1519,  -4.9872,  -8.6243,  -6.3101,
        -10.4778,  -7.4442,  -6.7356,  -4.0034,  -6.2691,  -6.1969, -10.4593,
         -9.8410,  -5.0588,  -5.7646,  -4.5826,  -9.6133,  -6.5010,  -8.2552,
         -9.0112,  -7.0806,  -4.2030,  -7.2050,  -7.0344,  -8.4760,  -9.4266,
         -5.7119,  -7.4230,  -7.1536,  -6.4946,  -7.4925,  -7.8806,  -4.0225,
         -8.9447,  -5.4041,  -8.9767, -10.4285,  -6.0096,  -8.8666,  -8.3219,
         -7.2415,  -5.6810,  -7.3175,  -9.5116,  -6.8618,  -7.4395,  -9.0524,
         -3.9221,  -3.9889,  -7.4873,  -6.8285, -11.3527,  -8.7311, -10.2993,
         -5.1787,  -7.8820,  -7.8294,  -8.5774,  -4.9895,  -7.2444, -10.8649,
         -8.5439,  -6.1343,  -9.1903,  -7.2909,  -8.8505,  -8.5438, -11.0443,
         -5.0932,  -8.8621,  -7.5469, -10.1726,  -8.5936,  -8.2094,  -3.5123,
         -6.8966,  -8.9318,  -8.7494,  -8.6736,  -5.3770,  -4.3710,  -6.7618,
         -4.0111,  -9.5612,  -6.8310,  -7.5695,  -8.2909, -10.5449,  -8.7716,
         -6.5481,  -7.7299,  -4.8290, -11.7309,  -8.6336,  -5.9247,  -8.1797,
         -6.3224, -12.5208,  -9.3413,  -3.8927,  -6.8448, -10.1938,  -7.4231,
         -6.7247,  -7.1588,  -8.3598,  -7.1363, -11.0821,  -9.3872, -10.4769,
         -6.5049,  -9.6582,  -7.1026,  -7.4599, -11.6316,  -4.4263, -10.1675,
         -7.7807,  -7.9230,  -5.4279, -12.0224,  -2.5914,  -5.5493,  -7.1669,
        -10.3188,  -2.8525,  -6.4290,  -9.7466,  -6.3252,  -7.2695,  -8.9656,
         -8.5353,  -7.9394,  -5.9071,  -9.0247,  -6.3117, -12.0806,  -3.8688,
         -7.4100,  -7.5278,  -6.7851,  -8.2061,  -8.0443,  -7.4443,  -4.0780,
         -8.0612,  -5.6266,  -4.7391,  -8.3010,  -7.5698,  -4.5164,  -9.4009,
         -8.2344,  -9.0607,  -6.7546,  -5.7752,  -8.8808,  -8.1078, -10.3886,
         -9.9433,  -6.7264, -11.1091,  -8.4827,  -8.2481,  -7.3210,  -7.0692,
         -6.9547,  -4.5184,  -4.7063,  -8.5267, -10.4351,  -9.1184])
    target: tensor([0., 0., 0., 0., 0., 0., 0., 0., 0., 0., 0., 0., 0., 0., 0., 0., 0., 0.,
        0., 0., 0., 0., 0., 0., 0., 0., 0., 0., 0., 0., 0., 0., 0., 0., 0., 0.,
        0., 0., 0., 0., 0., 0., 0., 0., 0., 0., 0., 0., 0., 0., 0., 0., 0., 0.,
        0., 0., 0., 0., 0., 0., 0., 0., 0., 0., 0., 0., 0., 0., 0., 0., 0., 0.,
        0., 0., 0., 0., 0., 0., 0., 0., 0., 0., 0., 0., 0., 0., 0., 0., 0., 0.,
        0., 1., 0., 0., 0., 0., 0., 0., 0., 0., 0., 0., 0., 0., 0., 0., 0., 0.,
        0., 0., 0., 0., 0., 0., 0., 0., 0., 0., 0., 0., 0., 0., 0., 0., 0., 0.,
        0., 0., 0., 0., 0., 0., 0., 0., 0., 0., 0., 0., 0., 0., 0., 0., 0., 0.,
        0., 0., 0., 0., 0., 0., 0., 0., 0., 0., 0., 0., 0., 0., 0., 0., 0., 0.,
        0., 0., 0., 0., 0., 0., 0., 0., 0., 0., 0., 0., 0., 0., 0., 0., 0., 0.,
        0., 0., 0., 0., 0., 0., 0., 0., 0., 0., 0., 0., 0., 0., 0., 0., 1., 0.,
        0., 0., 0., 0., 0., 0., 0., 0., 0., 0., 0., 0., 0., 0., 0., 0., 0., 0.,
        0., 0., 0., 0., 0., 0., 0., 0., 0., 0., 0., 0., 0., 0., 0., 0., 0., 0.,
        0., 0., 0., 0., 0., 0., 0., 0., 0., 0., 0., 0., 0., 0., 0., 0., 0., 0.,
        0., 0., 0., 0., 0., 0., 0., 0., 0., 0., 0., 0., 0., 0., 0., 0., 0., 0.,
        0., 0., 0., 0., 0., 0., 0., 0., 0., 0., 0., 0., 0., 0., 0., 0., 0., 0.,
        0., 0., 0., 0., 0., 0., 0., 0., 0., 0., 0., 0., 0., 0., 0., 0., 0., 0.,
        0., 0., 0., 0., 0., 0., 0., 0., 0., 0., 0., 0., 0., 0., 0., 0., 0., 0.,
        0., 0., 0., 0., 0., 0., 0., 0., 0., 0., 0., 0., 0., 0., 0., 0., 0., 0.,
        0., 0., 0., 0., 0., 0., 0., 0., 0., 0., 0., 0., 0., 0., 0., 0., 0., 0.,
        0., 0., 0., 0., 0., 0., 0., 0., 0., 0., 0., 0., 0., 0., 0., 0., 0., 0.,
        0., 0., 0., 0., 0., 0., 0., 0., 0., 0., 0., 0., 0., 0., 0., 0., 0., 0.,
        0., 0., 0., 0., 0., 0., 0., 0., 0., 0., 0., 0., 0., 0., 0., 0., 0., 0.,
        0., 0., 0., 0., 0., 0., 0., 0., 0., 0., 0., 0., 0., 0., 0., 0., 0., 0.,
        0., 0., 0., 0., 0., 0., 0., 0., 0., 0., 0., 0., 0., 0., 0., 0., 0., 0.,
        0., 0., 0., 0., 0., 0., 0., 0., 0., 0., 0., 0., 0., 0., 0., 0., 0., 0.,
        0., 0., 0., 0., 0., 0., 0., 0., 0., 0., 0., 0., 0., 0., 0., 0., 0., 0.,
        0., 0., 0., 0., 0., 0., 0., 0., 0., 0., 0., 0., 0., 0., 0., 0., 0., 0.,
        0., 0., 0., 0., 0., 0., 0., 0., 0., 0., 0., 0., 0., 0., 0., 0., 0., 0.,
        0., 0., 0., 0., 0., 0., 0., 0., 0., 0., 0., 0., 0., 0., 0., 0.])

  example 2:
    pred: tensor([ -5.6787,  -9.1893,  -9.3201,  -7.8886,  -6.3333,  -8.4049,  -3.1537,
        -10.0081,  -8.9720,  -3.9983, -10.0096,  -6.6247,  -3.3633, -13.0761,
         -9.5634, -12.7764,  -6.1072,  -6.0622,  -5.5696,  -7.6609,  -8.8152,
         -8.7030,  -4.8220,  -3.7667,  -5.0800,  -6.3816,  -6.7012,  -8.9795,
         -7.9327, -10.8974,  -3.8819, -10.1659,  -8.0015, -10.7313,  -7.4088,
         -8.6248,  -6.2244,  -2.7600,  -6.6629,  -8.3605,  -8.8517, -12.4618,
         -5.9075,  -5.6859,  -8.5395,  -3.2312, -11.6534,  -4.5000, -11.6999,
         -4.4018,  -9.6767,  -8.0152, -10.6012,  -5.8399,  -6.2536,  -9.8309,
         -8.5686,  -4.3805,  -8.7112,  -5.5859,  -7.0793,  -9.9031,  -5.6169,
         -7.1317,  -5.4341,  -3.0204, -11.7933,  -3.7717,  -5.3199,  -3.2013,
         -6.6218, -12.0093, -11.4351,  -9.5392,  -8.5053,  -8.8876,  -8.7536,
        -11.5389,  -4.0759,  -6.6436,  -8.5102,  -5.8383,  -6.2554,  -6.5798,
        -10.3053,  -6.6462,  -6.7532,  -8.1154, -11.4963,  -7.5447,  -8.9696,
        -11.4545,  -5.1950, -10.7642,  -7.9705, -11.9157,  -6.0540,  -8.2968,
        -10.5265, -12.2975, -12.2608,  -3.3442,  -5.0486,  -4.7150, -10.9786,
         -3.8312,  -7.8917,  -5.6056,  -6.4761,  -9.3841, -12.1461,  -6.1375,
         -4.8882, -10.4445,  -6.3286, -12.3053,  -4.7334,  -3.7519,  -4.8075,
         -6.5770,  -7.2674,  -9.3530, -10.0704,  -5.0726,  -9.0806,  -5.0238,
         -7.5589,  -4.9456,  -4.4232,  -5.7896,  -6.9583,  -8.4183,  -7.0061,
        -11.8640, -12.1634,  -9.8945,  -6.5288,  -9.5991,  -8.1894,  -2.6798,
         -7.4575, -13.2119, -11.9087, -11.3658, -12.8963, -12.0101,  -4.8373,
         -9.6120, -11.2986,  -7.0846,  -8.9657, -11.8052, -12.7412,  -6.2460,
        -11.2282, -12.1251, -11.9708,  -7.5210,  -7.6689,  -5.2744, -13.2629,
         -6.3176,  -8.9971, -11.8358,  -6.2019, -10.6529,  -8.1095, -10.0080,
         -7.7490, -10.3735,  -8.1653,  -6.0792, -10.0312,  -9.4761,  -8.8882,
        -10.0585,  -5.1690, -12.2726, -11.6210, -10.2156,  -2.8200,  -8.4439,
         -4.3522,  -6.0860,  -7.3173,  -5.3795, -14.6672,  -9.3585, -10.5286,
         -6.6142,  -8.3192,  -6.4355, -10.0758,  -1.4552,  -8.0384,  -6.7691,
         -3.0454,  -5.9510,  -9.5489,  -9.5499,  -8.0241, -12.2680,  -9.2336,
         -8.0099,  -5.7037,  -8.3675,  -9.4497,  -1.6835,  -9.6760,  -7.0000,
         -6.0365, -11.3700, -10.2636,  -7.0128,  -9.2064,  -8.3429, -10.5432,
         -7.5359,  -7.4430,  -5.7756,  -5.2487, -12.0304,  -8.1354, -10.3867,
         -9.4966, -12.9108, -10.4205, -12.6131,  -3.5454,  -9.3346, -10.3684,
         -8.5465, -11.5163,  -6.3629, -10.4290,  -9.8896,  -9.8871,  -3.9994,
         -4.6127,  -7.5770,  -9.3070,  -7.6823,  -7.7876,  -8.3698,  -8.9167,
         -5.7677,  -9.6999,  -8.3684, -11.7549, -12.6729,  -5.6932,  -5.8652,
         -9.6219,  -3.0320,  -5.5254, -10.7515,  -4.5989,  -9.8462,  -6.1723,
        -12.0871,  -9.6721,  -4.4660, -10.9326,  -8.2735,  -6.9867,  -4.4179,
        -11.8416, -11.0043,  -8.3605,  -8.4311, -10.7165,  -7.3148, -11.0366,
        -11.1082,  -7.4187,  -5.5402, -10.6660,  -8.8677,  -7.7539,  -9.1451,
         -8.7250,  -7.1442,  -9.5908,  -4.7128,  -4.4134, -11.0372,  -5.0588,
        -10.4656,  -6.7694,  -8.5510,  -8.3671,  -4.1069, -11.5203,  -7.1433,
         -7.9545,  -2.5833, -10.8199,  -8.1231,  -6.0424, -10.9694,  -8.7121,
         -8.5600,  -6.7457,  -9.1374, -10.4725, -11.2459,  -8.1778,  -3.7912,
        -10.7926, -10.0040,  -5.4312,  -6.2085,  -4.3386,  -7.1851,  -6.6447,
         -5.6191,  -5.6709, -11.2682,  -3.8081,  -7.1404,  -2.3967, -11.0806,
         -4.2081,  -7.5713,  -5.7058,  -6.4895, -11.1326,  -7.3508,  -9.5164,
         -8.8915,  -7.2247,  -8.2202,  -9.8066,  -6.9851,  -8.4306,  -2.7950,
        -10.1060,  -8.6461, -11.0218,  -9.2331,  -3.8554,  -8.7321,  -8.2222,
        -10.3576,  -4.9333,  -2.2439,  -5.6998,  -6.0737,  -8.7771,  -7.6793,
        -12.3209, -10.7416, -13.9454, -11.9579, -10.8820,  -9.4370,  -8.6866,
         -7.3290,  -7.9199,  -4.9746,  -2.6596,  -6.4877,  -8.2155, -10.1970,
        -10.0518,  -6.2024,  -8.8150, -10.4946, -12.4806,  -9.7534, -11.3152,
         -7.8525,  -5.2361,  -9.5206, -12.4846,  -8.9321,  -8.5254, -11.0306,
         -5.3228, -10.9045,  -8.8223,  -4.7094,  -9.6688,  -7.4931,  -8.7103,
         -8.8719,  -7.1436, -10.3173,  -7.0531,  -6.1330,  -9.8269, -10.0716,
         -7.3146,  -9.9994,  -7.7315,  -6.2900, -11.1739, -11.2956,  -8.8155,
         -8.8237, -12.4572,  -9.7958,  -7.7975, -12.7937,  -8.2286,  -8.7994,
         -7.9668,  -8.1466,  -9.1455,  -8.3145, -10.1239, -10.5528, -12.4291,
         -8.0444,  -5.8708,  -8.8007,  -7.7769,  -9.1537,  -6.0731,  -5.7269,
         -6.7057,  -6.3753,  -9.8519, -11.8592, -10.1509,  -6.1633,  -3.3361,
         -5.4502, -12.0929,  -6.1189, -11.0067,  -5.9744,  -9.8658,  -9.5876,
         -2.7488,  -9.8488,  -6.5493, -13.4147, -12.2639,  -7.9995,  -3.8657,
         -8.2242, -12.4874, -12.2925,  -3.6272,  -5.9723,  -7.7511,  -7.3112,
         -5.9727, -10.7375, -12.1786, -10.4162,  -2.6558, -14.0268, -10.8831,
         -6.8197,  -4.3846,  -5.6694, -11.8311,  -9.3442, -10.7734,  -5.7699,
        -10.6380, -12.6867,  -8.5983, -12.4784,  -5.0876, -10.2437,  -8.6797,
         -9.8530,  -8.2022, -11.2882,  -8.4216, -10.5593,  -6.5181,  -9.2292,
         -6.5575,  -9.0566, -10.6013,  -4.0332, -10.1595,  -5.3479,  -6.0249,
         -4.6457,  -4.3516, -11.2550, -10.4622,  -4.6815,  -6.1100, -12.7799,
         -7.8501,  -7.2672,  -5.1680,  -8.7734,  -9.1482,  -2.4612,  -5.3983,
         -6.7898,  -5.5627, -10.3081,  -7.9695,  -7.0224,  -9.2560,  -3.6079,
         -4.9596,  -8.5072, -12.4439,  -7.2522,  -8.2287,  -4.9349,  -6.9561,
         -9.5422, -13.0699,  -5.0268,  -4.1795,  -9.4456, -10.5538,  -8.3785,
         -5.6546,  -7.9285,  -7.3480, -12.2480,  -6.3080, -10.3277,  -7.5777,
        -12.4921,  -4.0732,  -6.1982,  -6.3577,  -8.9462,  -8.5431,  -7.9865,
         -6.2391,  -6.1099,  -4.9296,  -2.9983, -10.1052,  -3.2084])
    target: tensor([0., 0., 0., 0., 0., 0., 0., 0., 0., 0., 0., 0., 0., 0., 0., 0., 0., 0.,
        0., 0., 0., 0., 0., 0., 0., 0., 0., 0., 0., 0., 0., 0., 0., 0., 0., 0.,
        0., 0., 0., 0., 0., 0., 0., 0., 0., 0., 0., 1., 0., 0., 0., 0., 0., 0.,
        0., 0., 0., 0., 0., 0., 0., 0., 0., 0., 0., 0., 0., 1., 0., 0., 0., 0.,
        0., 0., 0., 0., 0., 0., 0., 0., 0., 0., 0., 0., 0., 0., 0., 0., 0., 0.,
        0., 0., 0., 0., 0., 0., 0., 0., 0., 0., 0., 0., 0., 0., 0., 0., 0., 0.,
        0., 0., 0., 0., 0., 0., 0., 0., 0., 0., 0., 0., 0., 0., 0., 0., 0., 0.,
        0., 0., 0., 0., 0., 0., 0., 0., 0., 0., 0., 0., 0., 0., 0., 0., 0., 0.,
        0., 0., 0., 0., 0., 0., 0., 0., 0., 0., 0., 0., 0., 0., 0., 0., 0., 0.,
        0., 0., 0., 0., 0., 0., 0., 0., 0., 0., 0., 0., 0., 0., 0., 0., 0., 0.,
        0., 0., 0., 0., 0., 0., 0., 0., 0., 0., 0., 0., 0., 0., 0., 0., 0., 0.,
        0., 0., 0., 0., 0., 0., 0., 0., 0., 0., 0., 0., 0., 0., 0., 0., 0., 0.,
        0., 0., 0., 0., 0., 0., 0., 0., 0., 0., 0., 0., 0., 0., 0., 0., 0., 0.,
        0., 0., 0., 0., 0., 0., 0., 0., 0., 0., 0., 0., 0., 0., 0., 0., 0., 0.,
        0., 0., 0., 0., 0., 0., 0., 0., 0., 0., 0., 0., 0., 0., 0., 0., 0., 0.,
        0., 0., 0., 0., 0., 0., 0., 0., 0., 0., 0., 0., 0., 0., 0., 0., 0., 0.,
        0., 0., 0., 0., 0., 0., 0., 0., 0., 0., 0., 0., 0., 0., 0., 0., 0., 0.,
        0., 0., 0., 0., 0., 0., 0., 0., 0., 0., 0., 0., 0., 0., 0., 0., 0., 0.,
        0., 0., 0., 0., 0., 0., 0., 0., 0., 0., 0., 0., 0., 0., 0., 0., 0., 0.,
        0., 0., 0., 0., 0., 0., 0., 0., 0., 0., 0., 0., 0., 0., 0., 0., 0., 0.,
        0., 0., 0., 0., 0., 0., 0., 0., 0., 0., 0., 0., 0., 0., 0., 0., 0., 0.,
        0., 0., 0., 0., 0., 0., 0., 0., 0., 0., 0., 0., 0., 0., 0., 0., 0., 0.,
        0., 0., 0., 0., 0., 0., 0., 0., 0., 0., 0., 0., 0., 0., 0., 0., 0., 0.,
        0., 0., 0., 0., 0., 0., 0., 0., 0., 0., 0., 0., 0., 0., 0., 0., 0., 0.,
        0., 0., 0., 0., 0., 0., 0., 0., 0., 0., 0., 0., 0., 0., 0., 0., 0., 0.,
        0., 0., 0., 0., 0., 0., 0., 0., 0., 0., 0., 0., 0., 0., 0., 0., 0., 0.,
        0., 0., 0., 0., 0., 0., 0., 0., 0., 0., 0., 0., 0., 0., 0., 0., 0., 0.,
        0., 0., 0., 0., 0., 0., 0., 0., 0., 0., 0., 0., 0., 0., 0., 0., 0., 0.,
        0., 0., 0., 0., 0., 0., 0., 0., 0., 0., 0., 0., 0., 0., 0., 0., 0., 0.,
        0., 0., 0., 0., 0., 0., 0., 0., 0., 0., 0., 0., 0., 0., 0., 0.])

Done.
